21
[-1, -1, 0, -1, 0, 0, 1, 0, 2]
[-2, -1, -1, -1, 1, -1, 1, -1, 5]
[0, 0, 1, 0, -1, -1, 0, -1, 2]
[0, -1, -2, 2, -2, 2, -1, -1, 5]
[-2, -2, -1, 3, -1, 3, -2, -1, 6]
[0, 1, 1, 1, 1, -2, -1, -2, 3]
[0, -1, 1, -1, 0, -1, 1, -1, 3]
[1, 1, -1, -2, -2, -2, 1, 2, 5]
[0, 1, -2, -2, 2, 1, 1, -1, 3]
[-1, 1, -2, 1, 3, 1, -1, 1, 1]
[-2, 3, -1, -2, -1, -1, -2, 3, 6]
[0, -2, -2, 1, 2, -1, 1, 1, 3]
[3, 3, 1, 2, -2, 2, -2, 1, 0]
[3, -2, 2, 1, -1, -2, -2, 1, 4]
[1, -2, -1, 1, -2, 2, 1, -2, 5]
[1, 2, 1, 2, 0, -1, 0, -1, 0]
[1, -2, -1, -2, 2, 3, 1, 3, 1]
[3, 1, 2, -2, -1, 1, -2, -2, 4]
[-2, -1, 1, -1, 3, 2, 3, 2, 0]
[-1, 2, -1, 2, 0, 1, 2, 1, 0]
[1, -1, -1, -1, 0, -1, -1, -1, 5]


20
[0, 0, 0, 0, 0, 0, 0, 0, -1, -1, 1]
[0, -1, 0, -1, 0, -1, 0, -1, 4, 3, 0]
[0, 0, 0, 0, 0, 1, -1, 1, 1, 0, 0]
[-1, -1, 1, 2, 0, 0, -1, -2, 3, 4, 0]
[0, -3, -2, -3, 0, 1, 2, 1, 6, 5, 0]
[0, 2, -2, -2, -3, -1, -1, 2, 6, 7, 0]
[7, 4, 2, -2, -1, 4, -5, -8, 7, 10, 0]
[-4, 3, -1, -2, -1, -3, -2, 3, 8, 10, 0]
[1, 5, 2, 0, 2, -1, -2, -4, 2, 5, 0]
[0, 1, -3, 2, 1, 0, -1, 2, 3, 1, 0]
[-4, -2, 1, -2, 2, 1, 5, 1, 1, 4, 0]
[0, 2, 3, -1, -2, -1, 0, -1, 1, 4, 0]
[0, 1, -1, 1, 1, -1, 1, -1, 3, 1, 0]
[7, -2, 2, 4, -1, -8, -5, 4, 7, 10, 0]
[2, 1, 5, 1, -4, -2, 1, -2, 1, 4, 0]
[1, 2, 0, 2, 1, 2, 0, 2, -2, -3, 0]
[-2, 2, -4, -4, 5, 2, 1, -1, 5, 8, 0]
[0, 1, -3, 2, -1, 2, -1, -1, 5, 3, 0]
[-2, -4, -1, 2, -1, 2, 3, -1, 3, 8, 0]
[2, -4, -2, -1, 1, -1, -2, 2, 6, 10, 0]
